{"meta": {"config": "comau_nj165_30_robodk.json", "count": 300, "seed": 12345}, "records": [{"joints": [0.0, 0.0, 0.0, 0.0, 0.0, 0.0], "dh_matrix": [1.0, 1.2246467991473532e-16, 1.2246467991473532e-16, 150.00000000000026, -1.2246467991473532e-16, 1.0, 0.0, -7.1947999449907e-14, -1.2246467991473532e-16, -1.232595164407831e-32, 1.0, 3679.0, 0.0, 0.0, 0.0, 1.0], "corrected_matrix": [1.0, 1.2246467991473532e-16, 1.2246467991473532e-16, 150.00000000000026, -1.2246467991473532e-16, 1.0, 0.0, -7.1947999449907e-14, -1.2246467991473532e-16, -1.232595164407831e-32, 1.0, 3679.0, 0.0, 0.0, 0.0, 1.0], "ik_solutions": []}, {"joints": [0.0, -90.0, 90.0, 0.0, 90.0, 0.0], "dh_matrix": [1.8369701987210297e-16, 6.123233995736769e-17, -1.0, -755.0000000000003, -1.8369701987210297e-16, 1.0, 6.123233995736765e-17, 1.9092243598707237e-13, 1.0, 1.8369701987210297e-16, 1.8369701987210297e-16, -613.9999999999999, 0.0, 0.0, 0.0, 1.0], "corrected_matrix": [1.8369701987210297e-16, 6.123233995736769e-17, -1.0, -755.0000000000003, -1.8369701987210297e-16, 1.0, 6.123233995736765e-17, 1.9092243598707237e-13, 1.0, 1.8369701987210297e-16, 1.8369701987210297e-16, -613.9999999999999, 0.0, 0.0, 0.0, 1.0], "ik_solutions": [[0.0, 65.2857636, -109.644528069, -720.0, 5.06970833, -720.0], [0.0, 65.2857636, -109.644528069, -720.0, 5.06970833, -360.0], [0.0, 65.2857636, -109.644528069, -720.0, 5.06970833, 0.0], [0.0, 65.2857636, -109.644528069, -720.0, 5.06970833, 360.0], [0.0, 65.2857636, -109.644528069, -720.0, 5.06970833, 720.0], [0.0, 65.2857636, -109.644528069, -540.0, -5.06970833, -540.0], [0.0, 65.2857636, -109.644528069, -540.0, -5.06970833, -180.0], [0.0, 65.2857636, -109.644528069, -540.0, -5.06970833, 180.0], [0.0, 65.2857636, -109.644528069, -540.0, -5.06970833, 540.0], [0.0, 65.2857636, -109.644528069, -360.0, 5.06970833, -720.0], [0.0, 65.2857636, -109.644528069, -360.0, 5.06970833, -360.0], [0.0, 65.2857636, -109.644528069, -360.0, 5.06970833, 0.0], [0.0, 65.2857636, -109.644528069, -360.0, 5.06970833, 360.0], [0.0, 65.2857636, -109.644528069, -360.0, 5.06970833, 720.0], [0.0, 65.2857636, -109.644528069, -180.0, -5.06970833, -540.0], [0.0, 65.2857636, -109.644528069, -180.0, -5.06970833, -180.0], [0.0, 65.2857636, -109.644528069, -180.0, -5.06970833, 180.0], [0.0, 65.2857636, -109.644528069, -180.0, -5.06970833, 540.0], [0.0, 65.2857636, -109.644528069, 0.0, 5.06970833, -720.0], [0.0, 65.2857636, -109.644528069, 0.0, 5.06970833, -360.0], [0.0, 65.2857636, -109.644528069, 0.0, 5.06970833, 0.0], [0.0, 65.2857636, -109.644528069, 0.0, 5.06970833, 360.0], [0.0, 65.2857636, -109.644528069, 0.0, 5.06970833, 720.0], [0.0, 65.2857636, -109.644528069, 180.0, -5.06970833, -540.0], [0.0, 65.2857636, -109.644528069, 180.0, -5.06970833, -180.0], [0.0, 65.2857636, -109.644528069, 180.0, -5.06970833, 180.0], [0.0, 65.2857636, -109.644528069, 180.0, -5.06970833, 540.0], [0.0, 65.2857636, -109.644528069, 360.0, 5.06970833, -720.0], [0.0, 65.2857636, -109.644528069, 360.0, 5.06970833, -360.0], [0.0, 65.2857636, -109.644528069, 360.0, 5.06970833, 0.0], [0.0, 65.2857636, -109.644528069, 360.0, 5.06970833, 360.0], [0.0, 65.2857636, -109.644528069, 360.0, 5.06970833, 720.0], [0.0, 65.2857636, -109.644528069, 540.0, -5.06970833, -540.0], [0.0, 65.2857636, -109.644528069, 540.0, -5.06970833, -180.0], [0.0, 65.2857636, -109.644528069, 540.0, -5.06970833, 180.0], [0.0, 65.2857636, -109.644528069, 540.0, -5.06970833, 540.0], [0.0, 65.2857636, -109.644528069, 720.0, 5.06970833, -720.0], [0.0, 65.2857636, -109.644528069, 720.0, 5.06970833, -360.0], [0.0, 65.2857636, -109.644528069, 720.0, 5.06970833, 0.0], [0.0, 65.2857636, -109.644528069, 720.0, 5.06970833, 360.0], [0.0, 65.2857636, -109.644528069, 720.0, 5.06970833, 720.0]]}, {"joints": [0.0, -90.0, 90.0, 0.0, 0.0, 0.0], "dh_matrix": [-1.0, -1.224646799147353e-16, -2.4492935982947064e-16, -525.0000000000003, -1.2246467991473535e-16, 1.0, 1.2246467991473532e-16, 2.0500587417726694e-13, 2.4492935982947064e-16, 1.2246467991473535e-16, -1.0, -843.9999999999999, 0.0, 0.0, 0.0, 1.0], "corrected_matrix": [-1.0, -1.224646799147353e-16, -2.4492935982947064e-16, -525.0000000000003, -1.2246467991473535e-16, 1.0, 1.2246467991473532e-16, 2.0500587417726694e-13, 2.4492935982947064e-16, 1.2246467991473535e-16, -1.0, -843.9999999999999, 0.0, 0.0, 0.0, 1.0], "ik_solutions": [[-180.0, 18.105239494, -124.310300316, -720.0, -52.41553981, -540.0], [-180.0, 18.105239494, -124.310300316, -720.0, -52.41553981, -180.0], [-180.0, 18.105239494, -124.310300316, -720.0, -52.41553981, 180.0], [-180.0, 18.105239494, -124.310300316, -720.0, -52.41553981, 540.0], [-180.0, 18.105239494, -124.310300316, -540.0, 52.41553981, -720.0], [-180.0, 18.105239494, -124.310300316, -540.0, 52.41553981, -360.0], [-180.0, 18.105239494, -124.310300316, -540.0, 52.41553981, 0.0], [-180.0, 18.105239494, -124.310300316, -540.0, 52.41553981, 360.0], [-180.0, 18.105239494, -124.310300316, -540.0, 52.41553981, 720.0], [-180.0, 18.105239494, -124.310300316, -360.0, -52.41553981, -540.0], [-180.0, 18.105239494, -124.310300316, -360.0, -52.41553981, -180.0], [-180.0, 18.105239494, -124.310300316, -360.0, -52.41553981, 180.0], [-180.0, 18.105239494, -124.310300316, -360.0, -52.41553981, 540.0], [-180.0, 18.105239494, -124.310300316, -180.0, 52.41553981, -720.0], [-180.0, 18.105239494, -124.310300316, -180.0, 52.41553981, -360.0], [-180.0, 18.105239494, -124.310300316, -180.0, 52.41553981, 0.0], [-180.0, 18.105239494, -124.310300316, -180.0, 52.41553981, 360.0], [-180.0, 18.105239494, -124.310300316, -180.0, 52.41553981, 720.0], [-180.0, 18.105239494, -124.310300316, 0.0, -52.41553981, -540.0], [-180.0, 18.105239494, -124.310300316, 0.0, -52.41553981, -180.0], [-180.0, 18.105239494, -124.310300316, 0.0, -52.41553981, 180.0], [-180.0, 18.105239494, -124.310300316, 0.0, -52.41553981, 540.0], [-180.0, 18.105239494, -124.310300316, 180.0, 52.41553981, -720.0], [-180.0, 18.105239494, -124.310300316, 180.0, 52.41553981, -360.0], [-180.0, 18.105239494, -124.310300316, 180.0, 52.41553981, 0.0], [-180.0, 18.105239494, -124.310300316, 180.0, 52.41553981, 360.0], [-180.0, 18.105239494, -124.310300316, 180.0, 52.41553981, 720.0], [-180.0, 18.105239494, -124.310300316, 360.0, -52.41553981, -540.0], [-180.0, 18.105239494, -124.310300316, 360.0, -52.41553981, -180.0], [-180.0, 18.105239494, -124.310300316, 360.0, -52.41553981, 180.0], [-180.0, 18.105239494, -124.310300316, 360.0, -52.41553981, 540.0], [-180.0, 18.105239494, -124.310300316, 540.0, 52.41553981, -720.0], [-180.0, 18.105239494, -124.310300316, 540.0, 52.41553981, -360.0], [-180.0, 18.105239494, -124.310300316, 540.0, 52.41553981, 0.0], [-180.0, 18.105239494, -124.310300316, 540.0, 52.41553981, 360.0], [-180.0, 18.105239494, -124.310300316, 540.0, 52.41553981, 720.0], [-180.0, 18.105239494, -124.310300316, 720.0, -52.41553981, -540.0], [-180.0, 18.105239494, -124.310300316, 720.0, -52.41553981, -180.0], [-180.0, 18.105239494, -124.310300316, 720.0, -52.41553981, 180.0], [-180.0, 18.105239494, -124.310300316, 720.0, -52.41553981, 540.0], [0.0, 65.2857636, -109.644528069, -720.0, -84.93029167, -720.0], [0.0, 65.2857636, -109.644528069, -720.0, -84.93029167, -360.0], [0.0, 65.2857636, -109.644528069, -720.0, -84.93029167, 0.0], [0.0, 65.2857636, -109.644528069, -720.0, -84.93029167, 360.0], [0.0, 65.2857636, -109.644528069, -720.0, -84.93029167, 720.0], [0.0, 65.2857636, -109.644528069, -540.0, 84.93029167, -540.0], [0.0, 65.2857636, -109.644528069, -540.0, 84.93029167, -180.0], [0.0, 65.2857636, -109.644528069, -540.0, 84.93029167, 180.0], [0.0, 65.2857636, -109.644528069, -540.0, 84.93029167, 540.0], [0.0, 65.2857636, -109.644528069, -360.0, -84.93029167, -720.0], [0.0, 65.2857636, -109.644528069, -360.0, -84.93029167, -360.0], [0.0, 65.2857636, -109.644528069, -360.0, -84.93029167, 0.0], [0.0, 65.2857636, -109.644528069, -360.0, -84.93029167, 360.0], [0.0, 65.2857636, -109.644528069, -360.0, -84.93029167, 720.0], [0.0, 65.2857636, -109.644528069, -180.0, 84.93029167, -540.0], [0.0, 65.2857636, -109.644528069, -180.0, 84.93029167, -180.0], [0.0, 65.2857636, -109.644528069, -180.0, 84.93029167, 180.0], [0.0, 65.2857636, -109.644528069, -180.0, 84.93029167, 540.0], [0.0, 65.2857636, -109.644528069, 0.0, -84.93029167, -720.0], [0.0, 65.2857636, -109.644528069, 0.0, -84.93029167, -360.0], [0.0, 65.2857636, -109.644528069, 0.0, -84.93029167, 0.0], [0.0, 65.2857636, -109.644528069, 0.0, -84.93029167, 360.0], [0.0, 65.2857636, -109.644528069, 0.0, -84.93029167, 720.0], [0.0, 65.2857636, -109.644528069, 180.0, 84.93029167, -540.0], [0.0, 65.2857636, -109.644528069, 180.0, 84.93029167, -180.0], [0.0, 65.2857636, -109.644528069, 180.0, 84.93029167, 180.0], [0.0, 65.2857636, -109.644528069, 180.0, 84.93029167, 540.0], [0.0, 65.2857636, -109.644528069, 360.0, -84.93029167, -720.0], [0.0, 65.2857636, -109.644528069, 360.0, -84.93029167, -360.0], [0.0, 65.2857636, -109.644528069, 360.0, -84.93029167, 0.0], [0.0, 65.2857636, -109.644528069, 360.0, -84.93029167, 360.0], [0.0, 65.2857636, -109.644528069, 360.0, -84.93029167, 720.0], [0.0, 65.2857636, -109.644528069, 540.0, 84.93029167, -540.0], [0.0, 65.2857636, -109.644528069, 540.0, 84.93029167, -180.0], [0.0, 65.2857636, -109.644528069, 540.0, 84.93029167, 180.0], [0.0, 65.2857636, -109.644528069, 540.0, 84.93029167, 540.0], [0.0, 65.2857636, -109.644528069, 720.0, -84.93029167, -720.0], [0.0, 65.2857636, -109.644528069, 720.0, -84.93029167, -360.0], [0.0, 65.2857636, -109.644528069, 720.0, -84.93029167, 0.0], [0.0, 65.2857636, -109.644528069, 720.0, -84.93029167, 360.0], [0.0, 65.2857636, -109.644528069, 720.0, -84.93029167, 720.0], [180.0, 18.105239494, -124.310300316, -720.0, -52.41553981, -540.0], [180.0, 18.105239494, -124.310300316, -720.0, -52.41553981, -180.0], [180.0, 18.105239494, -124.310300316, -720.0, -52.41553981, 180.0], [180.0, 18.105239494, -124.310300316, -720.0, -52.41553981, 540.0], [180.0, 18.105239494, -124.310300316, -540.0, 52.41553981, -720.0], [180.0, 18.105239494, -124.310300316, -540.0, 52.41553981, -360.0], [180.0, 18.105239494, -124.310300316, -540.0, 52.41553981, 0.0], [180.0, 18.105239494, -124.310300316, -540.0, 52.41553981, 360.0], [180.0, 18.105239494, -124.310300316, -540.0, 52.41553981, 720.0], [180.0, 18.105239494, -124.310300316, -360.0, -52.41553981, -540.0], [180.0, 18.105239494, -124.310300316, -360.0, -52.41553981, -180.0], [180.0, 18.105239494, -124.310300316, -360.0, -52.41553981, 180.0], [180.0, 18.105239494, -124.310300316, -360.0, -52.41553981, 540.0], [180.0, 18.105239494, -124.310300316, -180.0, 52.41553981, -720.0], [180.0, 18.105239494, -124.310300316, -180.0, 52.41553981, -360.0], [180.0, 18.105239494, -124.310300316, -180.0, 52.41553981, 0.0], [180.0, 18.105239494, -124.310300316, -180.0, 52.41553981, 360.0], [180.0, 18.105239494, -124.310300316, -180.0, 52.41553981, 720.0], [180.0, 18.105239494, -124.310300316, 0.0, -52.41553981, -540.0], [180.0, 18.105239494, -124.310300316, 0.0, -52.41553981, -180.0], [180.0, 18.105239494, -124.310300316, 0.0, -52.41553981, 180.0], [180.0, 18.105239494, -124.310300316, 0.0, -52.41553981, 540.0], [180.0, 18.105239494, -124.310300316, 180.0, 52.41553981, -720.0], [180.0, 18.105239494, -124.310300316, 180.0, 52.41553981, -360.0], [180.0, 18.105239494, -124.310300316, 180.0, 52.41553981, 0.0], [180.0, 18.105239494, -124.310300316, 180.0, 52.41553981, 360.0], [180.0, 18.105239494, -124.310300316, 180.0, 52.41553981, 720.0], [180.0, 18.105239494, -124.310300316, 360.0, -52.41553981, -540.0], [180.0, 18.105239494, -124.310300316, 360.0, -52.41553981, -180.0], [180.0, 18.105239494, -124.310300316, 360.0, -52.41553981, 180.0], [180.0, 18.105239494, -124.310300316, 360.0, -52.41553981, 540.0], [180.0, 18.105239494, -124.310300316, 540.0, 52.41553981, -720.0], [180.0, 18.105239494, -124.310300316, 540.0, 52.41553981, -360.0], [180.0, 18.105239494, -124.310300316, 540.0, 52.41553981, 0.0], [180.0, 18.105239494, -124.310300316, 540.0, 52.41553981, 360.0], [180.0, 18.105239494, -124.310300316, 540.0, 52.41553981, 720.0], [180.0, 18.105239494, -124.310300316, 720.0, -52.41553981, -540.0], [180.0, 18.105239494, -124.310300316, 720.0, -52.41553981, -180.0], [180.0, 18.105239494, -124.310300316, 720.0, -52.41553981, 180.0], [180.0, 18.105239494, -124.310300316, 720.0, -52.41553981, 540.0]]}, {"joints": [0.0, -105.0, 156.0, 0.0, 120.0, 0.0], "dh_matrix": [-0.7771459614569706, -5.66381712899899e-17, -0.629320391049838, 585.6240442483188, -1.6099944004160256e-16, 1.0, 1.0881880566579623e-16, 1.3078157666472383e-13, 0.6293203910498378, 1.858883259195307e-16, -0.7771459614569705, 368.1747685001248, 0.0, 0.0, 0.0, 1.0], "corrected_matrix": [-0.7771459614569706, -5.66381712899899e-17, -0.629320391049838, 585.6240442483188, -1.6099944004160256e-16, 1.0, 1.0881880566579623e-16, 1.3078157666472383e-13, 0.6293203910498378, 1.858883259195307e-16, -0.7771459614569705, 368.1747685001248, 0.0, 0.0, 0.0, 1.0], "ik_solutions": []}, {"joints": [-30.016845883677178, -73.27124119229838, -27.96695851940109, -289.95860851258635, -32.897077627881075, -441.12765737509307], "dh_matrix": [-0.8198286583979479, 0.4333077362618005, -0.37433324266633694, -1755.1443409001195, 0.05642549115999791, -0.5894176774333182, -0.8058554246739708, -1149.626297434047, -0.5698220202982452, -0.6817853087481329, 0.4587719018841928, 2111.643221430751, 0.0, 0.0, 0.0, 1.0], "corrected_matrix": [-0.8198286583979479, 0.4333077362618005, -0.37433324266633694, -1755.1443409001195, 0.05642549115999791, -0.5894176774333182, -0.8058554246739708, -1149.626297434047, -0.5698220202982452, -0.6817853087481329, 0.4587719018841928, 2111.643221430751, 0.0, 0.0, 0.0, 1.0], "ik_solutions": []}, {"joints": [23.76294074239007, -47.513069932007404, -140.11729851463517, -96.57177406572112, 15.519622018960746, -468.94527255782623], "dh_matrix": [0.12046842646937589, 0.6202427550696229, 0.7751040465689985, 1081.949753015157, 0.1682441876030188, 0.7567391411690618, -0.6316959439164629, -543.1605887837234, -0.9783564031383414, 0.20650616699351695, -0.013189064858923029, 1804.7185623219036, 0.0, 0.0, 0.0, 1.0], "corrected_matrix": [0.12046842646937589, 0.6202427550696229, 0.7751040465689985, 1081.949753015157, 0.1682441876030188, 0.7567391411690618, -0.6316959439164629, -543.1605887837234, -0.9783564031383414, 0.20650616699351695, -0.013189064858923029, 1804.7185623219036, 0.0, 0.0, 0.0, 1.0], "ik_solutions": []}, {"joints": [19.159590804958725, -14.666764322778214, -6.709634384072217, -588.5364976175015, 119.65999889260252, -126.54807416740653], "dh_matrix": [-0.9155083669929279, 0.3071180563823693, -0.2598517450583272, -385.6511746229353, -0.0112620645374586, 0.6260985565242013, 0.7796625958840564, 292.55000888269194, 0.4021412635732576, 0.7167140970862979, -0.569739683688504, 3231.1612770184056, 0.0, 0.0, 0.0, 1.0], "corrected_matrix": [-0.9155083669929279, 0.3071180563823693, -0.2598517450583272, -385.6511746229353, -0.0112620645374586, 0.6260985565242013, 0.7796625958840564, 292.55000888269194, 0.4021412635732576, 0.7167140970862979, -0.569739683688504, 3231.1612770184056, 0.0, 0.0, 0.0, 1.0], "ik_solutions": []}, {"joints": [1.4167325196135039, -49.81515128186784, -44.9652575518584, -446.4412146405787, -39.609893556611965, -686.1294458752312], "dh_matrix": [-0.5759129331195872, 0.812673597591779, -0.08880268713742995, -889.008580622479, -0.658988030840799, -0.39720721824073546, 0.6387184050785001, 168.38678044497095, 0.48379651577306704, 0.4263660980362902, 0.7642989479066086, 3181.657721094848, 0.0, 0.0, 0.0, 1.0], "corrected_matrix": [-0.5759129331195872, 0.812673597591779, -0.08880268713742995, -889.008580622479, -0.658988030840799, -0.39720721824073546, 0.6387184050785001, 168.38678044497095, 0.48379651577306704, 0.4263660980362902, 0.7642989479066086, 3181.657721094848, 0.0, 0.0, 0.0, 1.0], "ik_solutions": []}, {"joints": [-57.77360193674855, 89.47201800957814, -3.392247330294907, 352.1232578030899, -124.1363473112261, 633.9434444607496], "dh_matrix": [-0.8127637385466697, -0.44754639275003943, -0.3729843584388872, 1529.817154781299, 0.5737345971640495, -0.7260898842012437, -0.37897505469045095, 2475.751175394371, -0.10121125095880658, -0.522011212903566, 0.8469123781609886, 1213.1482864050877, 0.0, 0.0, 0.0, 1.0], "corrected_matrix": [-0.8127637385466697, -0.44754639275003943, -0.3729843584388872, 1529.817154781299, 0.5737345971640495, -0.7260898842012437, -0.37897505469045095, 2475.751175394371, -0.10121125095880658, -0.522011212903566, 0.8469123781609886, 1213.1482864050877, 0.0, 0.0, 0.0, 1.0], "ik_solutions": [[-57.773601937, -0.52798199, -3.39224733, -547.876742197, 124.136347311, -626.056555539], [-57.773601937, -0.52798199, -3.39224733, -547.876742197, 124.136347311, -266.056555539], [-57.773601937, -0.52798199, -3.39224733, -547.876742197, 124.136347311, 93.943444461], [-57.773601937, -0.52798199, -3.39224733, -547.876742197, 124.136347311, 453.943444461], [-57.773601937, -0.52798199, -3.39224733, -367.876742197, -124.136347311, -446.056555539], [-57.773601937, -0.52798199, -3.39224733, -367.876742197, -124.136347311, -86.056555539], [-57.773601937, -0.52798199, -3.39224733, -367.876742197, -124.136347311, 273.943444461], [-57.773601937, -0.52798199, -3.39224733, -367.876742197, -124.136347311, 633.943444461], [-57.773601937, -0.52798199, -3.39224733, -187.876742197, 124.136347311, -626.056555539], [-57.773601937, -0.52798199, -3.39224733, -187.876742197, 124.136347311, -266.056555539], [-57.773601937, -0.52798199, -3.39224733, -187.876742197, 124.136347311, 93.943444461], [-57.773601937, -0.52798199, -3.39224733, -187.876742197, 124.136347311, 453.943444461], [-57.773601937, -0.52798199, -3.39224733, -7.876742197, -124.136347311, -446.056555539], [-57.773601937, -0.52798199, -3.39224733, -7.876742197, -124.136347311, -86.056555539], [-57.773601937, -0.52798199, -3.39224733, -7.876742197, -124.136347311, 273.943444461], [-57.773601937, -0.52798199, -3.39224733, -7.876742197, -124.136347311, 633.943444461], [-57.773601937, -0.52798199, -3.39224733, 172.123257803, 124.136347311, -626.056555539], [-57.773601937, -0.52798199, -3.39224733, 172.123257803, 124.136347311, -266.056555539], [-57.773601937, -0.52798199, -3.39224733, 172.123257803, 124.136347311, 93.943444461], [-57.773601937, -0.52798199, -3.39224733, 172.123257803, 124.136347311, 453.943444461], [-57.773601937, -0.52798199, -3.39224733, 352.123257803, -124.136347311, -446.056555539], [-57.773601937, -0.52798199, -3.39224733, 352.123257803, -124.136347311, -86.056555539], [-57.773601937, -0.52798199, -3.39224733, 352.123257803, -124.136347311, 273.943444461], [-57.773601937, -0.52798199, -3.39224733, 352.123257803, -124.136347311, 633.943444461], [-57.773601937, -0.52798199, -3.39224733, 532.123257803, 124.136347311, -626.056555539], [-57.773601937, -0.52798199, -3.39224733, 532.123257803, 124.136347311, -266.056555539], [-57.773601937, -0.52798199, -3.39224733, 532.123257803, 124.136347311, 93.943444461], [-57.773601937, -0.52798199, -3.39224733, 532.123257803, 124.136347311, 453.943444461], [-57.773601937, -0.52798199, -3.39224733, 712.123257803, -124.136347311, -446.056555539], [-57.773601937, -0.52798199, -3.39224733, 712.123257803, -124.136347311, -86.056555539], [-57.773601937, -0.52798199, -3.39224733, 712.123257803, -124.136347311, 273.943444461], [-57.773601937, -0.52798199, -3.39224733, 712.123257803, -124.136347311, 633.943444461]]}, {"joints": [133.47610875197148, 56.04183754785785, -131.38019766023757, -576.7205287541597, -21.36688287203556, 555.1725126894905], "dh_matrix": [-0.18868384796160276, 0.9741846171196155, 0.12394650977704515, -959.5161314708166, 0.8869611940075541, 0.11487593143999345, 0.4473291413495077, -939.1440330092879, 0.4215426975326421, 0.1943395280001017, -0.8857391839664773, -181.5756000114004, 0.0, 0.0, 0.0, 1.0], "corrected_matrix": [-0.18868384796160276, 0.9741846171196155, 0.12394650977704515, -959.5161314708166, 0.8869611940075541, 0.11487593143999345, 0.4473291413495077, -939.1440330092879, 0.4215426975326421, 0.1943395280001017, -0.8857391839664773, -181.5756000114004, 0.0, 0.0, 0.0, 1.0], "ik_solutions": [[133.476108752, -33.958162452, -131.38019766, -576.720528754, -21.366882872, -524.827487311], [133.476108752, -33.958162452, -131.38019766, -576.720528754, -21.366882872, -164.827487311], [133.476108752, -33.958162452, -131.38019766, -576.720528754, -21.366882872, 195.172512689], [133.476108752, -33.958162452, -131.38019766, -576.720528754, -21.366882872, 555.172512689], [133.476108752, -33.958162452, -131.38019766, -396.720528754, 21.366882872, -704.827487311], [133.476108752, -33.958162452, -131.38019766, -396.720528754, 21.366882872, -344.827487311], [133.476108752, -33.958162452, -131.38019766, -396.720528754, 21.366882872, 15.172512689], [133.476108752, -33.958162452, -131.38019766, -396.720528754, 21.366882872, 375.172512689], [133.476108752, -33.958162452, -131.38019766, -216.720528754, -21.366882872, -524.827487311], [133.476108752, -33.958162452, -131.38019766, -216.720528754, -21.366882872, -164.827487311], [133.476108752, -33.958162452, -131.38019766, -216.720528754, -21.366882872, 195.172512689], [133.476108752, -33.958162452, -131.38019766, -216.720528754, -21.366882872, 555.172512689], [133.476108752, -33.958162452, -131.38019766, -36.720528754, 21.366882872, -704.827487311], [133.476108752, -33.958162452, -131.38019766, -36.720528754, 21.366882872, -344.827487311], [133.476108752, -33.958162452, -131.38019766, -36.720528754, 21.366882872, 15.172512689], [133.476108752, -33.958162452, -131.38019766, -36.720528754, 21.366882872, 375.172512689], [133.476108752, -33.958162452, -131.38019766, 143.279471246, -21.366882872, -524.827487311], [133.476108752, -33.958162452, -131.38019766, 143.279471246, -21.366882872, -164.827487311], [133.476108752, -33.958162452, -131.38019766, 143.279471246, -21.366882872, 195.172512689], [133.476108752, -33.958162452, -131.38019766, 143.279471246, -21.366882872, 555.172512689], [133.476108752, -33.958162452, -131.38019766, 323.279471246, 21.366882872, -704.827487311], [133.476108752, -33.958162452, -131.38019766, 323.279471246, 21.366882872, -344.827487311], [133.476108752, -33.958162452, -131.38019766, 323.279471246, 21.366882872, 15.172512689], [133.476108752, -33.958162452, -131.38019766, 323.279471246, 21.366882872, 375.172512689], [133.476108752, -33.958162452, -131.38019766, 503.279471246, -21.366882872, -524.827487311], [133.476108752, -33.958162452, -131.38019766, 503.279471246, -21.366882872, -164.827487311], [133.476108752, -33.958162452, -131.38019766, 503.279471246, -21.366882872, 195.172512689], [133.476108752, -33.958162452, -131.38019766, 503.279471246, -21.366882872, 555.172512689], [133.476108752, -33.958162452, -131.38019766, 683.279471246, 21.366882872, -704.827487311], [133.476108752, -33.958162452, -131.38019766, 683.279471246, 21.366882872, -344.827487311], [133.476108752, -33.958162452, -131.38019766, 683.279471246, 21.366882872, 15.172512689], [133.476108752, -33.958162452, -131.38019766, 683.279471246, 21.366882872, 375.172512689]]}, {"joints": [28.110969851876348, 50.21897654049398, -122.78062348345478, 33.980515437108124, 52.34660937103291, 467.7608835328042], "dh_matrix": [-0.7259094168087474, -0.618629737217507, -0.30058736969237776, 1454.2373708073033, -0.6256222306878125, 0.412330422764146, 0.662254065244107, -661.461567296041, -0.28574874113036697, 0.6687906030240995, -0.6863430528890576, 21.204619083106934, 0.0, 0.0, 0.0, 1.0], "corrected_matrix": [-0.7259094168087474, -0.618629737217507, -0.30058736969237776, 1454.2373708073033, -0.6256222306878125, 0.412330422764146, 0.662254065244107, -661.461567296041, -0.28574874113036697, 0.6687906030240995, -0.6863430528890576, 21.204619083106934, 0.0, 0.0, 0.0, 1.0], "ik_solutions": [[28.110969852, -39.78102346, -122.780623483, -686.019484563, 52.346609371, -612.239116467], [28.110969852, -39.78102346, -122.780623483, -686.019484563, 52.346609371, -252.239116467], [28.110969852, -39.78102346, -122.780623483, -686.019484563, 52.346609371, 107.760883533], [28.110969852, -39.78102346, -122.780623483, -686.019484563, 52.346609371, 467.760883533], [28.110969852, -39.78102346, -122.780623483, -506.019484563, -52.346609371, -432.239116467], [28.110969852, -39.78102346, -122.780623483, -506.019484563, -52.346609371, -72.239116467], [28.110969852, -39.78102346, -122.780623483, -506.019484563, -52.346609371, 287.760883533], [28.110969852, -39.78102346, -122.780623483, -506.019484563, -52.346609371, 647.760883533], [28.110969852, -39.78102346, -122.780623483, -326.019484563, 52.346609371, -612.239116467], [28.110969852, -39.78102346, -122.780623483, -326.019484563, 52.346609371, -252.239116467], [28.110969852, -39.78102346, -122.780623483, -326.019484563, 52.346609371, 107.760883533], [28.110969852, -39.78102346, -122.780623483, -326.019484563, 52.346609371, 467.760883533], [28.110969852, -39.78102346, -122.780623483, -146.019484563, -52.346609371, -432.239116467], [28.110969852, -39.78102346, -122.780623483, -146.019484563, -52.346609371, -72.239116467], [28.110969852, -39.78102346, -122.780623483, -146.019484563, -52.346609371, 287.760883533], [28.110969852, -39.78102346, -122.780623483, -146.019484563, -52.346609371, 647.760883533], [28.110969852, -39.78102346, -122.780623483, 33.980515437, 52.346609371, -612.239116467], [28.110969852, -39.78102346, -122.780623483, 33.980515437, 52.346609371, -252.239116467], [28.110969852, -39.78102346, -122.780623483, 33.980515437, 52.346609371, 107.760883533], [28.110969852, -39.78102346, -122.780623483, 33.980515437, 52.346609371, 467.760883533], [28.110969852, -39.78102346, -122.780623483, 213.980515437, -52.346609371, -432.239116467], [28.110969852, -39.78102346, -122.780623483, 213.980515437, -52.346609371, -72.239116467], [28.110969852, -39.78102346, -122.780623483, 213.980515437, -52.346609371, 287.760883533], [28.110969852, -39.78102346, -122.780623483, 213.980515437, -52.346609371, 647.760883533], [28.110969852, -39.78102346, -122.780623483, 393.980515437, 52.346609371, -612.239116467], [28.110969852, -39.78102346, -122.780623483, 393.980515437, 52.346609371, -252.239116467], [28.110969852, -39.78102346, -122.780623483, 393.980515437, 52.346609371, 107.760883533], [28.110969852, -39.78102346, -122.780623483, 393.980515437, 52.346609371, 467.760883533], [28.110969852, -39.78102346, -122.780623483, 573.980515437, -52.346609371, -432.239116467], [28.110969852, -39.78102346, -122.780623483, 573.980515437, -52.346609371, -72.239116467], [28.110969852, -39.78102346, -122.780623483, 573.980515437, -52.346609371, 287.760883533], [28.110969852, -39.78102346, -122.780623483, 573.980515437, -52.346609371, 647.760883533]]}, {"joints": [110.56483190126988, -35.50762079383144, -20.289605260819343, -408.4121803823356, 75.47480940082858, 79.3228304712635], "dh_matrix": [-0.42111702391385675, -0.24758244723652587, -0.8725613926769331, 116.40876412752866, 0.833408731581413, -0.48522981326560044, -0.26454095040672004, 784.3556656927652, -0.35789710573542827, -0.8386029812364153, 0.41067590818990124, 3208.691986104075, 0.0, 0.0, 0.0, 1.0], "corrected_matrix": [-0.42111702391385675, -0.24758244723652587, -0.8725613926769331, 116.40876412752866, 0.833408731581413, -0.48522981326560044, -0.26454095040672004, 784.3556656927652, -0.35789710573542827, -0.8386029812364153, 0.41067590818990124, 3208.691986104075, 0.0, 0.0, 0.0, 1.0], "ik_solutions": []}, {"joints": [-113.10179045212226, 25.06346511635772, -77.08169827934661, 660.4740049467341, -114.61519453715954, -483.6408737755536], "dh_matrix": [0.05664832259788823, 0.798746332505229, -0.5989952118809396, -1064.5500078632886, -0.7020172204691818, -0.39473079894414065, -0.5927557832106276, 2036.285938869857, -0.7099033664602316, 0.45408357454808557, 0.538372842567364, 1958.789074459615, 0.0, 0.0, 0.0, 1.0], "corrected_matrix": [0.05664832259788823, 0.798746332505229, -0.5989952118809396, -1064.5500078632886, -0.7020172204691818, -0.39473079894414065, -0.5927557832106276, 2036.285938869857, -0.7099033664602316, 0.45408357454808557, 0.538372842567364, 1958.789074459615, 0.0, 0.0, 0.0, 1.0], "ik_solutions": [[-113.101790452, -64.936534884, -77.081698279, -599.525995053, 114.615194537, -663.640873776], [-113.101790452, -64.936534884, -77.081698279, -599.525995053, 114.615194537, -303.640873776], [-113.101790452, -64.936534884, -77.081698279, -599.525995053, 114.615194537, 56.359126224], [-113.101790452, -64.936534884, -77.081698279, -599.525995053, 114.615194537, 416.359126224], [-113.101790452, -64.936534884, -77.081698279, -419.525995053, -114.615194537, -483.640873776], [-113.101790452, -64.936534884, -77.081698279, -419.525995053, -114.615194537, -123.640873776], [-113.101790452, -64.936534884, -77.081698279, -419.525995053, -114.615194537, 236.359126224], [-113.101790452, -64.936534884, -77.081698279, -419.525995053, -114.615194537, 596.359126224], [-113.101790452, -64.936534884, -77.081698279, -239.525995053, 114.615194537, -663.640873776], [-113.101790452, -64.936534884, -77.081698279, -239.525995053, 114.615194537, -303.640873776], [-113.101790452, -64.936534884, -77.081698279, -239.525995053, 114.615194537, 56.359126224], [-113.101790452, -64.936534884, -77.081698279, -239.525995053, 114.615194537, 416.359126224], [-113.101790452, -64.936534884, -77.081698279, -59.525995053, -114.615194537, -483.640873776], [-113.101790452, -64.936534884, -77.081698279, -59.525995053, -114.615194537, -123.640873776], [-113.101790452, -64.936534884, -77.081698279, -59.525995053, -114.615194537, 236.359126224], [-113.101790452, -64.936534884, -77.081698279, -59.525995053, -114.615194537, 596.359126224], [-113.101790452, -64.936534884, -77.081698279, 120.474004947, 114.615194537, -663.640873776], [-113.101790452, -64.936534884, -77.081698279, 120.474004947, 114.615194537, -303.640873776], [-113.101790452, -64.936534884, -77.081698279, 120.474004947, 114.615194537, 56.359126224], [-113.101790452, -64.936534884, -77.081698279, 120.474004947, 114.615194537, 416.359126224], [-113.101790452, -64.936534884, -77.081698279, 300.474004947, -114.615194537, -483.640873776], [-113.101790452, -64.936534884, -77.081698279, 300.474004947, -114.615194537, -123.640873776], [-113.101790452, -64.936534884, -77.081698279, 300.474004947, -114.615194537, 236.359126224], [-113.101790452, -64.936534884, -77.081698279, 300.474004947, -114.615194537, 596.359126224], [-113.101790452, -64.936534884, -77.081698279, 480.474004947, 114.615194537, -663.640873776], [-113.101790452, -64.936534884, -77.081698279, 480.474004947, 114.615194537, -303.640873776], [-113.101790452, -64.936534884, -77.081698279, 480.474004947, 114.615194537, 56.359126224], [-113.101790452, -64.936534884, -77.081698279, 480.474004947, 114.615194537, 416.359126224], [-113.101790452, -64.936534884, -77.081698279, 660.474004947, -114.615194537, -483.640873776], [-113.101790452, -64.936534884, -77.081698279, 660.474004947, -114.615194537, -123.640873776], [-113.101790452, -64.936534884, -77.081698279, 660.474004947, -114.615194537, 236.359126224], [-113.101790452, -64.936534884, -77.081698279, 660.474004947, -114.615194537, 596.359126224]]}, {"joints": [173.98535513310406, 66.4748305945889, -135.95640544294093, -390.07732254559295, 9.784568738130616, -493.94760432944605], "dh_matrix": [-0.0663835296827104, -0.8633526453655358, 0.5002153903342004, -1036.0098017162434, -0.9781218539553449, 0.15536410567967524, 0.1383460642060823, -89.45908728179938, -0.19715695727471402, -0.4800877049109739, -0.8547777078232037, -327.73328203335507, 0.0, 0.0, 0.0, 1.0], "corrected_matrix": [-0.0663835296827104, -0.8633526453655358, 0.5002153903342004, -1036.0098017162434, -0.9781218539553449, 0.15536410567967524, 0.1383460642060823, -89.45908728179938, -0.19715695727471402, -0.4800877049109739, -0.8547777078232037, -327.73328203335507, 0.0, 0.0, 0.0, 1.0], "ik_solutions": [[173.985355133, -23.525169405, -135.956405443, -570.077322546, -9.784568738, -673.947604329], [173.985355133, -23.525169405, -135.956405443, -570.077322546, -9.784568738, -313.947604329], [173.985355133, -23.525169405, -135.956405443, -570.077322546, -9.784568738, 46.052395671], [173.985355133, -23.525169405, -135.956405443, -570.077322546, -9.784568738, 406.052395671], [173.985355133, -23.525169405, -135.956405443, -390.077322546, 9.784568738, -493.947604329], [173.985355133, -23.525169405, -135.956405443, -390.077322546, 9.784568738, -133.947604329], [173.985355133, -23.525169405, -135.956405443, -390.077322546, 9.784568738, 226.052395671], [173.985355133, -23.525169405, -135.956405443, -390.077322546, 9.784568738, 586.052395671], [173.985355133, -23.525169405, -135.956405443, -210.077322546, -9.784568738, -673.947604329], [173.985355133, -23.525169405, -135.956405443, -210.077322546, -9.784568738, -313.947604329], [173.985355133, -23.525169405, -135.956405443, -210.077322546, -9.784568738, 46.052395671], [173.985355133, -23.525169405, -135.956405443, -210.077322546, -9.784568738, 406.052395671], [173.985355133, -23.525169405, -135.956405443, -30.077322546, 9.784568738, -493.947604329], [173.985355133, -23.525169405, -135.956405443, -30.077322546, 9.784568738, -133.947604329], [173.985355133, -23.525169405, -135.956405443, -30.077322546, 9.784568738, 226.052395671], [173.985355133, -23.525169405, -135.956405443, -30.077322546, 9.784568738, 586.052395671], [173.985355133, -23.525169405, -135.956405443, 149.922677454, -9.784568738, -673.947604329], [173.985355133, -23.525169405, -135.956405443, 149.922677454, -9.784568738, -313.947604329], [173.985355133, -23.525169405, -135.956405443, 149.922677454, -9.784568738, 46.052395671], [173.985355133, -23.525169405, -135.956405443, 149.922677454, -9.784568738, 406.052395671], [173.985355133, -23.525169405, -135.956405443, 329.922677454, 9.784568738, -493.947604329], [173.985355133, -23.525169405, -135.956405443, 329.922677454, 9.784568738, -133.947604329], [173.985355133, -23.525169405, -135.956405443, 329.922677454, 9.784568738, 226.052395671], [173.985355133, -23.525169405, -135.956405443, 329.922677454, 9.784568738, 586.052395671], [173.985355133, -23.525169405, -135.956405443, 509.922677454, -9.784568738, -673.947604329], [173.985355133, -23.525169405, -135.956405443, 509.922677454, -9.784568738, -313.947604329], [173.985355133, -23.525169405, -135.956405443, 509.922677454, -9.784568738, 46.052395671], [173.985355133, -23.525169405, -135.956405443, 509.922677454, -9.784568738, 406.052395671], [173.985355133, -23.525169405, -135.956405443, 689.922677454, 9.784568738, -493.947604329], [173.985355133, -23.525169405, -135.956405443, 689.922677454, 9.784568738, -133.947604329], [173.985355133, -23.525169405, -135.956405443, 689.922677454, 9.784568738, 226.052395671], [173.985355133, -23.525169405, -135.956405443, 689.922677454, 9.784568738, 586.052395671]]}, {"joints": [-63.4461387647452, -66.61573208606772, -46.131632989509384, -606.8696445311261, 123.65106269545407, 605.6205673400921], "dh_matrix": [-0.31025456746384883, -0.6029111827124702, -0.7350103462728061, -802.9563107797902, -0.9506497269831411, 0.1945825605877425, 0.24166655478571406, -1212.8438079608557, -0.002683273131656868, 0.7737155374395475, -0.6335274794118508, 2415.8494182314166, 0.0, 0.0, 0.0, 1.0], "corrected_matrix": [-0.31025456746384883, -0.6029111827124702, -0.7350103462728061, -802.9563107797902, -0.9506497269831411, 0.1945825605877425, 0.24166655478571406, -1212.8438079608557, -0.002683273131656868, 0.7737155374395475, -0.6335274794118508, 2415.8494182314166, 0.0, 0.0, 0.0, 1.0], "ik_solutions": []}, {"joints": [103.97839400332646, 56.30900137943692, -101.15963194924505, 257.33688904370126, 65.31469174009726, -27.68219280643268], "dh_matrix": [-0.291455938424995, 0.15850844988323937, -0.9433602213748564, -739.1905867759205, 0.744554150197974, 0.6567456830219476, -0.11968385544846148, -2125.398072817791, 0.6005768505193806, -0.7372653383603817, -0.3094305535537395, 172.63755332601528, 0.0, 0.0, 0.0, 1.0], "corrected_matrix": [-0.291455938424995, 0.15850844988323937, -0.9433602213748564, -739.1905867759205, 0.744554150197974, 0.6567456830219476, -0.11968385544846148, -2125.398072817791, 0.6005768505193806, -0.7372653383603817, -0.3094305535537395, 172.63755332601528, 0.0, 0.0, 0.0, 1.0], "ik_solutions": [[103.978394003, -33.690998621, -101.159631949, -642.663110956, -65.31469174, -567.682192806], [103.978394003, -33.690998621, -101.159631949, -642.663110956, -65.31469174, -207.682192806], [103.978394003, -33.690998621, -101.159631949, -642.663110956, -65.31469174, 152.317807194], [103.978394003, -33.690998621, -101.159631949, -642.663110956, -65.31469174, 512.317807194], [103.978394003, -33.690998621, -101.159631949, -462.663110956, 65.31469174, -387.682192806], [103.978394003, -33.690998621, -101.159631949, -462.663110956, 65.31469174, -27.682192806], [103.978394003, -33.690998621, -101.159631949, -462.663110956, 65.31469174, 332.317807194], [103.978394003, -33.690998621, -101.159631949, -462.663110956, 65.31469174, 692.317807194], [103.978394003, -33.690998621, -101.159631949, -282.663110956, -65.31469174, -567.682192806], [103.978394003, -33.690998621, -101.159631949, -282.663110956, -65.31469174, -207.682192806], [103.978394003, -33.690998621, -101.159631949, -282.663110956, -65.31469174, 152.317807194], [103.978394003, -33.690998621, -101.159631949, -282.663110956, -65.31469174, 512.317807194], [103.978394003, -33.690998621, -101.159631949, -102.663110956, 65.31469174, -387.682192806], [103.978394003, -33.690998621, -101.159631949, -102.663110956, 65.31469174, -27.682192806], [103.978394003, -33.690998621, -101.159631949, -102.663110956, 65.31469174, 332.317807194], [103.978394003, -33.690998621, -101.159631949, -102.663110956, 65.31469174, 692.317807194], [103.978394003, -33.690998621, -101.159631949, 77.336889044, -65.31469174, -567.682192806], [103.978394003, -33.690998621, -101.159631949, 77.336889044, -65.31469174, -207.682192806], [103.978394003, -33.690998621, -101.159631949, 77.336889044, -65.31469174, 152.317807194], [103.978394003, -33.690998621, -101.159631949, 77.336889044, -65.31469174, 512.317807194], [103.978394003, -33.690998621, -101.159631949, 257.336889044, 65.31469174, -387.682192806], [103.978394003, -33.690998621, -101.159631949, 257.336889044, 65.31469174, -27.682192806], [103.978394003, -33.690998621, -101.159631949, 257.336889044, 65.31469174, 332.317807194], [103.978394003, -33.690998621, -101.159631949, 257.336889044, 65.31469174, 692.317807194], [103.978394003, -33.690998621, -101.159631949, 437.336889044, -65.31469174, -567.682192806], [103.978394003, -33.690998621, -101.159631949, 437.336889044, -65.31469174, -207.682192806], [103.978394003, -33.690998621, -101.159631949, 437.336889044, -65.31469174, 152.317807194], [103.978394003, -33.690998621, -101.159631949, 437.336889044, -65.31469174, 512.317807194], [103.978394003, -33.690998621, -101.159631949, 617.336889044, 65.31469174, -387.682192806], [103.978394003, -33.690998621, -101.159631949, 617.336889044, 65.31469174, -27.682192806], [103.978394003, -33.690998621, -101.159631949, 617.336889044, 65.31469174, 332.317807194], [103.978394003, -33.690998621, -101.159631949, 617.336889044, 65.31469174, 692.317807194]]}, {"joints": [-157.8509831057907, 31.437671285900706, -107.87826684476391, 158.52826201267192, -19.79288473240257, 651.6443275788879], "dh_matrix": [-0.2629964958830984, 0.9169514760848325, -0.3000547177750385, -2054.5676651229264, 0.9037951747449213, 0.3429822683956529, 0.2559637585166489, 867.1013976561325, 0.33761979394136293, -0.2038704345215828, -0.918939454298798, 689.1273869299425, 0.0, 0.0, 0.0, 1.0], "corrected_matrix": [-0.2629964958830984, 0.9169514760848325, -0.3000547177750385, -2054.5676651229264, 0.9037951747449213, 0.3429822683956529, 0.2559637585166489, 867.1013976561325, 0.33761979394136293, -0.2038704345215828, -0.918939454298798, 689.1273869299425, 0.0, 0.0, 0.0, 1.0], "ik_solutions": [[-157.850983106, -58.